[gd_scene load_steps=4 format=3 uid="uid://bigicmpj3i45r"]

[ext_resource type="Material" uid="uid://s4x5pbwl3487" path="res://metal.tres" id="1_0xbvv"]

[sub_resource type="BoxMesh" id="BoxMesh_rry84"]
size = Vector3(0.5, 0.05, 0.5)

[sub_resource type="CylinderMesh" id="CylinderMesh_y60f3"]
material = ExtResource("1_0xbvv")
top_radius = 0.02
bottom_radius = 0.02
height = 0.5

[node name="Chair" type="Node3D"]

[node name="MeshInstance3D" type="MeshInstance3D" parent="."]
mesh = SubResource("BoxMesh_rry84")

[node name="MeshInstance3D2" type="MeshInstance3D" parent="."]
transform = Transform3D(1, 0, 0, 0, 0.961286, -0.275553, 0, 0.275553, 0.961286, 0, -0.24253, -0.0963452)
mesh = SubResource("CylinderMesh_y60f3")

[node name="MeshInstance3D4" type="MeshInstance3D" parent="."]
transform = Transform3D(-0.5, -0.238709, -0.832477, 0, 0.961262, -0.275637, 0.866025, -0.137819, -0.480631, 0.0793941, -0.24253, 0.0556899)
mesh = SubResource("CylinderMesh_y60f3")

[node name="MeshInstance3D5" type="MeshInstance3D" parent="."]
transform = Transform3D(-0.5, 0.238709, 0.832477, 0, 0.961262, -0.275637, -0.866025, -0.137819, -0.480631, -0.0856017, -0.24253, 0.055159)
mesh = SubResource("CylinderMesh_y60f3")
