[gd_scene load_steps=8 format=3 uid="uid://cq3gb7hbffjgn"]

[ext_resource type="Material" uid="uid://s4x5pbwl3487" path="res://metal.tres" id="1_qju2d"]

[sub_resource type="FastNoiseLite" id="FastNoiseLite_n86qy"]
noise_type = 0
frequency = 0.0025

[sub_resource type="NoiseTexture2D" id="NoiseTexture2D_5ivqn"]
as_normal_map = true
bump_strength = 1.0
noise = SubResource("FastNoiseLite_n86qy")

[sub_resource type="StandardMaterial3D" id="StandardMaterial3D_a57yy"]
albedo_color = Color(1, 0.359327, 0.366788, 1)
roughness = 0.12
normal_enabled = true
normal_texture = SubResource("NoiseTexture2D_5ivqn")

[sub_resource type="BoxMesh" id="BoxMesh_fxitv"]
material = SubResource("StandardMaterial3D_a57yy")
size = Vector3(0.1, 1.3, 0.05)

[sub_resource type="BoxMesh" id="BoxMesh_q0o03"]
size = Vector3(0.6, 0.05, 0.165)

[sub_resource type="BoxMesh" id="BoxMesh_2t0b3"]
material = ExtResource("1_qju2d")
size = Vector3(0.4, 0.05, 0.1)

[node name="Ladder" type="Node3D"]

[node name="MeshInstance3D" type="MeshInstance3D" parent="."]
transform = Transform3D(1, 0, 0, 0, 0.956539, 0.291604, 0, -0.291604, 0.956539, 0, 0, 0)
mesh = SubResource("BoxMesh_fxitv")

[node name="MeshInstance3D2" type="MeshInstance3D" parent="."]
transform = Transform3D(-1, -2.54928e-08, 8.36233e-08, 0, 0.956539, 0.291604, -8.74228e-08, 0.291604, -0.956539, 0, 0, -0.469212)
mesh = SubResource("BoxMesh_fxitv")

[node name="MeshInstance3D4" type="MeshInstance3D" parent="."]
transform = Transform3D(1, 0, 0, 0, 0.956539, 0.291604, 0, -0.291604, 0.956539, -0.433335, 0, 0)
mesh = SubResource("BoxMesh_fxitv")

[node name="MeshInstance3D5" type="MeshInstance3D" parent="."]
transform = Transform3D(-1, -2.54928e-08, 8.36233e-08, 0, 0.956539, 0.291604, -8.74228e-08, 0.291604, -0.956539, -0.433335, 0, -0.469212)
mesh = SubResource("BoxMesh_fxitv")

[node name="MeshInstance3D3" type="MeshInstance3D" parent="."]
transform = Transform3D(1, 0, 0, 0, 1, 0, 0, 0, 1, -0.210422, 0.632705, -0.23571)
mesh = SubResource("BoxMesh_q0o03")

[node name="MeshInstance3D6" type="MeshInstance3D" parent="."]
transform = Transform3D(1, 0, 0, 0, 1, 0, 0, 0, 1, -0.21243, 0.320347, -0.369112)
mesh = SubResource("BoxMesh_2t0b3")

[node name="MeshInstance3D7" type="MeshInstance3D" parent="."]
transform = Transform3D(1, 0, 0, 0, 1, 0, 0, 0, 1, -0.21243, 0.320347, -0.112078)
mesh = SubResource("BoxMesh_2t0b3")

[node name="MeshInstance3D8" type="MeshInstance3D" parent="."]
transform = Transform3D(1, 0, 0, 0, 1, 0, 0, 0, 1, -0.21243, -0.044871, -0.00369053)
mesh = SubResource("BoxMesh_2t0b3")

[node name="MeshInstance3D10" type="MeshInstance3D" parent="."]
transform = Transform3D(1, 0, 0, 0, 1, 0, 0, 0, 1, -0.21243, -0.044871, -0.468119)
mesh = SubResource("BoxMesh_2t0b3")

[node name="MeshInstance3D9" type="MeshInstance3D" parent="."]
transform = Transform3D(1, 0, 0, 0, 1, 0, 0, 0, 1, -0.21243, -0.396133, 0.110403)
mesh = SubResource("BoxMesh_2t0b3")

[node name="MeshInstance3D11" type="MeshInstance3D" parent="."]
transform = Transform3D(1, 0, 0, 0, 1, 0, 0, 0, 1, -0.21243, -0.396133, -0.59821)
mesh = SubResource("BoxMesh_2t0b3")
